0   0.334221038615   0.493175409677   0.347417994004   0.407659662262
1   0.374167776298   0.495746501996   0.385540397678   0.43375273954
2   0.412782956059   0.487302998385   0.422256291808   0.452453752721
3   0.32223701731   0.634474988281   0.35384109419   0.454314825128
4   0.332223701731   0.382716888155   0.363236399542   0.372722278433
5   0.390812250333   0.579695734057   0.388177765618   0.464988440866
6   0.375499334221   0.576523979233   0.368730654152   0.449787933302
7   0.348202396804   0.334712603613   0.336247032642   0.335478063572
8   0.335552596538   0.370492407489   0.322368692266   0.344759297178
9   0.321571238349   0.366693153468   0.30746229293   0.334475730692
10   0.320905459387   0.620863883644   0.306373822014   0.410286250919
11   0.34154460719   0.647432909603   0.326463619938   0.434056976126
12   0.340213049268   0.516817671125   0.324991805794   0.399048746327
13   0.34154460719   0.531517900154   0.327687408215   0.405425156071
14   0.343541944075   0.506023890052   0.329208413409   0.398900572453
15   0.368841544607   0.550402606184   0.353511702483   0.430513734538
16   0.372170439414   0.55276947227   0.356470440649   0.433430109166
17   0.358854860186   0.593997786575   0.343258883514   0.4350889645
18   0.35086551265   0.586718615107   0.335005419882   0.426491896805
19   0.352862849534   0.591480165021   0.336435541952   0.428907385396
20   0.384154460719   0.658403433437   0.36702549207   0.471316613227
21   0.387483355526   0.667978285229   0.370157808522   0.476348678538
22   0.394806924101   0.654382458348   0.377022730232   0.478409579075
23   0.395472703063   0.581694712876   0.37869802408   0.458742824487
24   0.396804260985   0.583815596077   0.379869767219   0.460262037854
25   0.438082556591   0.661487943284   0.419809581125   0.513640270362
26   0.448735019973   0.67055204582   0.430178225064   0.524119117125
27   0.449400798935   0.667831478303   0.430895405785   0.523816282293
28   0.428761651132   0.698166638441   0.41071503942   0.517183292238
29   0.439414114514   0.678809643705   0.420629582422   0.519405548193
30   0.422103861518   0.687809721399   0.403751623683   0.508820311476
31   0.428761651132   0.709178402686   0.410060054145   0.519649289084
32   0.421438082557   0.711056587924   0.402880528611   0.514339363978
33   0.426764314248   0.700094868566   0.409291146625   0.516578769839
34   0.432090545939   0.682106922613   0.413980077867   0.515248656016
35   0.426764314248   0.688038161992   0.408884131254   0.512940411309
36   0.44207723036   0.691655796458   0.42355867789   0.525382016538
37   0.448069241012   0.686965212874   0.429094769683   0.528238955622
38   0.442743009321   0.694763214894   0.424010183461   0.526624388178
39   0.434087882823   0.692306156398   0.41552576253   0.51934059423
40   0.440079893475   0.683087610651   0.421309824227   0.521173831243
41   0.444074567244   0.693287520572   0.425036200211   0.526989257084
42   0.4327563249   0.688145140915   0.413699034116   0.516742723843
43   0.430758988016   0.701042285601   0.411782373941   0.518818223739
44   0.424101198402   0.6909381601   0.405107668819   0.510752999466
45   0.426098535286   0.6902871386   0.406990247823   0.512067663261
46   0.441411451398   0.704146595458   0.42150104814   0.52733824784
47   0.444740346205   0.729902423781   0.425853980442   0.537884715785
48   0.449400798935   0.709048105853   0.430273172361   0.535554603773
49   0.443408788282   0.730607785072   0.424172978417   0.536732321921
50   0.440745672437   0.731025261455   0.42160228433   0.534781458693
51   0.450066577896   0.73774828014   0.430489596842   0.543712827577
52   0.440745672437   0.731195682209   0.421388395598   0.534654922494
53   0.447403462051   0.719556552467   0.427667445739   0.536479211278
54   0.452729693742   0.719848564653   0.435237176799   0.542478961966
55   0.440745672437   0.710123044148   0.423325499526   0.530439946421
56   0.436085219707   0.713594014522   0.418685759335   0.527734679583
57   0.442743009321   0.713677716849   0.424942088696   0.53270055233
58   0.440745672437   0.710488236281   0.423059509693   0.530332852676
59   0.439414114514   0.699025749102   0.421751441868   0.52609050213
60   0.448069241012   0.713779765054   0.430151639214   0.536804103516
61   0.446071904128   0.7168347922   0.428105313892   0.536064344485
62   0.452729693742   0.754794473647   0.434272718816   0.551334105079
63   0.464047936085   0.76046462715   0.445238594715   0.56164435125
64   0.47137150466   0.73575579625   0.454857823524   0.56217109324
65   0.473368841545   0.742940813645   0.45679720448   0.565745657202
66   0.474034620506   0.743341041453   0.457417157221   0.566337080026
67   0.476697736352   0.73335290719   0.460975030073   0.566104782277
68   0.474700399467   0.735351389744   0.45891734436   0.565141659186
69   0.475366178429   0.72740713213   0.460428891889   0.563914973155
70   0.482689747004   0.706159342337   0.467000402134   0.562202544702
71   0.490679094541   0.725990109742   0.474582819249   0.573963354842
72   0.493342210386   0.709376289423   0.47706580264   0.570477347611
73   0.505326231691   0.712331338935   0.488234783941   0.579368234256
74   0.513981358189   0.718796919337   0.496289468719   0.587170335742
75   0.520639147803   0.721353295949   0.502427493323   0.592308249093
76   0.515978695073   0.720140697627   0.49737603691   0.588379142632
77   0.515978695073   0.70625482249   0.497810473914   0.583990002764
78   0.509986684421   0.705125566241   0.492060493389   0.57963326792
79   0.503994673768   0.700735793657   0.486028461788   0.573959888577
80   0.515312916112   0.733921161842   0.49695391166   0.592627148082
81   0.515978695073   0.715738158078   0.498758870655   0.58786600043
82   0.51930758988   0.717258826245   0.501763050383   0.590463524028
83   0.517976031957   0.710772652129   0.500511784511   0.587393146874
84   0.522636484687   0.710143458509   0.505083362358   0.59031226043
85   0.519973368842   0.708153649633   0.502532216624   0.587881684554
86   0.524633821571   0.726739541855   0.507068184877   0.597348342667
87   0.526631158455   0.726253606688   0.508911981857   0.598460912024
88   0.535286284953   0.738796467363   0.517062250612   0.608354679855
89   0.545272969374   0.738869035584   0.526136292601   0.614615300723
90   0.54327563249   0.73823490395   0.523948941741   0.612901833598
91   0.547270306258   0.740472648652   0.527846937322   0.616337118947
92   0.549267643142   0.743449218357   0.529797678669   0.618698024733
93   0.545272969374   0.740724123961   0.525682307244   0.61494565555
94   0.541278295606   0.741867009007   0.52169025611   0.612595567471
95   0.535952063915   0.742413343962   0.516605669888   0.609259969344
96   0.52862849534   0.739572318202   0.509311012025   0.603214594562
97   0.52862849534   0.742779594437   0.509319199987   0.60428443904
98   0.527296937417   0.718040125457   0.509184778026   0.595840421519
99   0.529294274301   0.714404107097   0.511010555077   0.595827764406
100   0.530625832224   0.717190317356   0.512177597364   0.597589719396
101   0.535286284953   0.718174089581   0.516596789283   0.600931614398
102   0.541278295606   0.714483327202   0.523638720429   0.604352593413
103   0.537949400799   0.721904803901   0.520470794382   0.604857930683
104   0.536617842876   0.722134521959   0.519185447338   0.604069448804
105   0.531957390146   0.723871253414   0.514720813857   0.601637311477
106   0.535286284953   0.72202983708   0.518018405051   0.603242247996
107   0.537949400799   0.721203864117   0.520848429433   0.604866480867
108   0.539946737683   0.697430521528   0.523938735472   0.598362638382
109   0.536617842876   0.698542560371   0.520618423496   0.596597383508
110   0.537283621838   0.692228096544   0.52184791995   0.595082659413
111   0.53861517976   0.695887598305   0.523167348165   0.597291648716
112   0.549933422104   0.698855214831   0.533735925079   0.60523578745
113   0.551930758988   0.705655438354   0.535579722059   0.608965578154
114   0.54793608522   0.707474770775   0.531487071415   0.606981879853
115   0.548601864181   0.703432554347   0.532693847088   0.606271645209
116   0.553928095872   0.70854805749   0.537732991748   0.611434582888
117   0.555925432756   0.716762277208   0.539672372704   0.615737235251
118   0.56258322237   0.7108473516   0.548096186231   0.618951860344
119   0.552596537949   0.707395971237   0.537700813301   0.610984453231
120   0.551264980027   0.693610675127   0.537470807365   0.605639017172
121   0.563249001332   0.701368794395   0.552011827441   0.617791376632
122   0.580559254328   0.71878282331   0.56879267378   0.635051544335
123   0.587217043941   0.725507354504   0.574960078704   0.641519741278
124   0.583222370173   0.72294353675   0.57068096096   0.63785142134
125   0.585219707057   0.721531357948   0.573477855533   0.639041408429
126   0.589214380826   0.727131897894   0.577265734321   0.643589529173
127   0.581225033289   0.726431279341   0.568752940394   0.637994070379
128   0.581225033289   0.725498970336   0.568752940394   0.637634249114
129   0.595206391478   0.740350789042   0.582271805134   0.651864548914
130   0.59121171771   0.738350926986   0.577699275924   0.648219642312
131   0.584553928096   0.735593996186   0.570753880117   0.64277385087
132   0.585885486019   0.735741097679   0.571864120451   0.64353358318
133   0.584553928096   0.731259099591   0.570285361942   0.640817694068
134   0.58655126498   0.730879889708   0.57336430759   0.642610398823
135   0.587882822903   0.736951936295   0.574565431049   0.645705680279
136   0.59121171771   0.737778150274   0.577405864458   0.647814185491
137   0.59121171771   0.732849108891   0.577558250386   0.646002246754
138   0.597203728362   0.736702783667   0.582912575931   0.650846194233
139   0.600532623169   0.724049625503   0.588876763527   0.649504806456
140   0.593874833555   0.720366043422   0.582072393258   0.643877169327
141   0.595872170439   0.728132407093   0.584019962177   0.648162318354
142   0.593209054594   0.727545497093   0.581342323723   0.646278440624
143   0.596537949401   0.726391829807   0.58596594671   0.648665910853
144   0.603195739015   0.729600140771   0.592115331704   0.653707153106
145   0.605193075899   0.731747580626   0.594031991879   0.655737170623
146   0.606524633822   0.731675705662   0.595751775926   0.656754673376
147   0.607856191744   0.732215416631   0.597014402189   0.657739005015
148   0.609187749667   0.736007020749   0.598170084085   0.659968425322
149   0.609853528628   0.734467879769   0.599402752967   0.660097101315
150   0.607856191744   0.732658877517   0.597511986001   0.658219891854
151   0.612516644474   0.735331612111   0.603138904955   0.662707318021
152   0.616511318242   0.739113203972   0.606994946087   0.666570482286
153   0.613848202397   0.738551897805   0.604317307633   0.66472548871
154   0.613182423435   0.738329127177   0.603674634111   0.66424637331
155   0.61517976032   0.738164130781   0.605122776111   0.665055135656
156   0.617177097204   0.740498502795   0.607050796677   0.667166991569
157   0.615845539281   0.73973013018   0.605624424095   0.665993410663
158   0.588548601864   0.734458093012   0.578263696414   0.647068488003
159   0.583222370173   0.73388789531   0.572439901332   0.643187284937
160   0.577230359521   0.731562215974   0.565680021262   0.638015195633
161   0.580559254328   0.733848174754   0.568893388871   0.640927389913
162   0.579227696405   0.732554145663   0.567619402218   0.639625297609
163   0.579227696405   0.732554145663   0.567619402218   0.639625297609
164   0.582556591212   0.738239085472   0.570832769827   0.643831826723
165   0.583888149134   0.736794891388   0.571635065877   0.643791123763
166   0.590545938748   0.743559917605   0.577795811262   0.650280308972
167   0.591877496671   0.746006166416   0.579035716744   0.652000847303
168   0.593209054594   0.748099155285   0.580145957078   0.653503929949
169   0.592543275632   0.746179741878   0.579091567334   0.652102544186
170   0.597869507324   0.742131078969   0.584119351603   0.653712322589
171   0.596537949401   0.735648669584   0.58343536031   0.650759825566
172   0.602529960053   0.73309043061   0.590641037774   0.65420110205
173   0.601864181092   0.733888243405   0.589998364252   0.654123790736
174   0.607190412783   0.737530421538   0.595139752427   0.658728140025
175   0.609187749667   0.740520377096   0.597033691821   0.661080736668
176   0.619840213049   0.750649876246   0.607123341531   0.671300707982
177   0.617842876165   0.749908311989   0.604921457853   0.669657014397
178   0.613182423435   0.751266943743   0.600338519615   0.667375942269
179   0.618508655126   0.757563641895   0.605389024666   0.672981132127
180   0.619840213049   0.759530374266   0.6066857321   0.674558349908
181   0.611850865513   0.759409801836   0.598573294006   0.669466988179
182   0.612516644474   0.76076024844   0.599215967528   0.670393618614
183   0.62982689747   0.760327662686   0.615142042413   0.680072428486
184   0.629161118509   0.756690809632   0.61446528772   0.67820175537
185   0.630492676431   0.758398719336   0.616329269733   0.680023004655
186   0.633821571238   0.758819409735   0.619474474999   0.682103085084
187   0.6344873502   0.759796437789   0.62010578813   0.682880511421
188   0.633155792277   0.75911343228   0.618679415549   0.681739428911
189   0.633155792277   0.756387818614   0.618679415549   0.680638098155
190   0.6344873502   0.757605877858   0.619964762592   0.681909057021
191   0.6344873502   0.756215750285   0.620269534449   0.681529394574
192   0.6344873502   0.753765031315   0.620094427739   0.680426942745
193   0.645805592543   0.76151528747   0.63078130941   0.690010463636
194   0.650466045273   0.767782989428   0.635291384453   0.695281629247
195   0.649800266312   0.767032484003   0.634366659856   0.694420054429
196   0.649800266312   0.765679143168   0.634355299465   0.693858104298
197   0.652463382157   0.766482315117   0.637631121241   0.696144578272
198   0.653129161119   0.765811797737   0.638567206229   0.696424966191
199   0.657789613848   0.764722818173   0.642952316977   0.698570707846
