0,0.313581890812,0.375683243349,0.296678929915,0.331539479929
1,0.281624500666,0.357406416872,0.265909121899,0.304942266188
2,0.392143808256,0.413358986318,0.371084922353,0.391082869396
3,0.395472703063,0.469339832621,0.374234115581,0.416425797743
4,0.334221038615,0.420763035031,0.315715512464,0.360747553836
5,0.304260985353,0.16158129828,0.287260164459,0.206825234167
6,0.340878828229,0.178248345006,0.322001421248,0.229470253856
7,0.370838881491,0.191842226631,0.350435891579,0.247948052759
8,0.370838881491,0.441340550993,0.35044725197,0.390676852307
9,0.378828229028,0.415235166335,0.358182055013,0.384604275897
10,0.375499334221,0.41321192885,0.355025489356,0.381915183435
11,0.382822902796,0.406354227328,0.362117618878,0.382962696545
12,0.342876165113,0.386236496914,0.324173025549,0.352493737269
13,0.368841544607,0.401970570219,0.349305455245,0.373792077123
14,0.333555259654,0.405981896891,0.315690500032,0.355187834757
15,0.333555259654,0.445842340226,0.31583152557,0.369741099965
16,0.338881491345,0.44478766446,0.321044248516,0.372918702045
17,0.352862849534,0.460358569098,0.334574473646,0.387514967079
18,0.37483355526,0.496046210698,0.355805420648,0.414381857506
19,0.394806924101,0.46277119941,0.374990042328,0.414281738064
20,0.383488681758,0.45678751142,0.36414411519,0.405238338454
21,0.37017310253,0.466746829117,0.351295660288,0.400874374243
22,0.380825565912,0.482382949367,0.361589797029,0.413342145221
23,0.369507323569,0.561421361593,0.352427988381,0.433026737078
24,0.383488681758,0.585558689977,0.365805827583,0.450302228498
25,0.383488681758,0.518479062387,0.365215517539,0.428556660648
26,0.375499334221,0.523511816985,0.357404678874,0.424797523297
27,0.382822902796,0.518750450027,0.364109026694,0.427886263752
28,0.384154460719,0.548361310951,0.366686324358,0.43948879987
29,0.374167776298,0.548524033438,0.35669130726,0.432281128598
30,0.398135818908,0.599225683403,0.379780584061,0.464908729577
31,0.396804260985,0.602386696589,0.378517957798,0.464905903296
32,0.39414114514,0.613512615191,0.375955451674,0.466216990878
33,0.402796271638,0.575793376753,0.383770039828,0.460568302857
34,0.404127829561,0.577193674528,0.387909978797,0.463989925386
35,0.400798934754,0.584615816765,0.384707971579,0.464047963591
36,0.396138482024,0.577816102816,0.379972647412,0.458460833356
37,0.396804260985,0.559978314754,0.380360691491,0.453014790635
38,0.390146471372,0.553941547141,0.375274520883,0.447431239846
39,0.450066577896,0.605649001741,0.432878528336,0.504892631094
40,0.446071904128,0.609216474765,0.429033847596,0.503490309722
41,0.445406125166,0.611277728483,0.42941243401,0.504454191467
42,0.45672436751,0.608672934368,0.439946929752,0.510735678125
43,0.451398135819,0.606537332819,0.436600091544,0.507726496718
44,0.460719041278,0.598658023645,0.445065541183,0.510560585687
45,0.473368841545,0.614841735226,0.45712395217,0.524380373868
46,0.490013315579,0.624796348803,0.472835875946,0.538297113027
47,0.49533954727,0.625703507962,0.477870319755,0.541885151517
48,0.509320905459,0.642657048053,0.491423265666,0.556956366207
49,0.510652463382,0.651160074936,0.495459432698,0.562738378643
50,0.524633821571,0.655387543809,0.508541901746,0.572701428222
51,0.539946737683,0.651638481908,0.523042555413,0.580301623937
52,0.553928095872,0.670048315125,0.540821251921,0.598539063984
53,0.543941411451,0.671656591092,0.530563732101,0.592830816091
54,0.558588548602,0.684651826537,0.54440279326,0.60652530941
55,0.557256990679,0.682653602252,0.544464355682,0.605778036742
56,0.576564580559,0.685939123742,0.562738355319,0.618260937378
57,0.585885486019,0.689591488779,0.571390272057,0.624950940005
58,0.593209054594,0.696164051633,0.578070685356,0.63164504744
59,0.597869507324,0.702264584183,0.582569400009,0.636841588079
60,0.595206391478,0.702458779994,0.580015081847,0.635391798454
61,0.597203728362,0.70591777392,0.581988543975,0.637990592486
62,0.603195739015,0.703582204617,0.587320148738,0.640215743648
63,0.61051930759,0.712862256317,0.594282613112,0.648193867996
64,0.611850865513,0.713878253596,0.596905352339,0.650172535818
65,0.618508655126,0.716790619941,0.606505984158,0.657052695572
66,0.622503328895,0.716808984757,0.613179164512,0.660956768118
67,0.620505992011,0.71448152725,0.612298297091,0.659455042069
68,0.614513981358,0.712326841262,0.606125239953,0.654948759589
69,0.623169107856,0.714214370876,0.613860620057,0.660245964351
70,0.641145139814,0.71810010225,0.630719607503,0.671579472577
71,0.630492676431,0.715913688002,0.61999452087,0.664510571953
72,0.635818908123,0.72197857257,0.627875368642,0.671646833134
73,0.650466045273,0.726535545935,0.641600511212,0.681431609452
74,0.645805592543,0.729753678589,0.637220101316,0.680354985358
75,0.653129161119,0.732562542065,0.644159844909,0.685522917253
76,0.662450066578,0.739693297594,0.652998228748,0.693647378489
77,0.670439414115,0.746643979269,0.660744392181,0.701072756129
78,0.67310252996,0.743093239361,0.66270718656,0.700601907538
79,0.679760319574,0.745695093526,0.668715546017,0.705110507074
80,0.695739014647,0.752832467829,0.691117925129,0.720656354503
81,0.699067909454,0.753274355683,0.694201627592,0.722532587456
82,0.691078561917,0.750681199748,0.685846235128,0.71680061533
83,0.679094540613,0.744005110697,0.672777287917,0.706600732845
84,0.675099866844,0.742403124994,0.668071921132,0.70327891774
85,0.687083888149,0.749344668645,0.679271811177,0.712589722232
86,0.675765645806,0.746440842721,0.667314055663,0.704663116128
87,0.682423435419,0.747959888055,0.673440719876,0.708746911518
88,0.683754993342,0.749905725164,0.674737427311,0.710338527713
89,0.69707057257,0.756327503555,0.687340969156,0.720185955598
90,0.683754993342,0.752003276282,0.673472898323,0.710574943375
91,0.683089214381,0.75113984943,0.672852945582,0.709844406521
92,0.683754993342,0.753708853726,0.673518339885,0.711360795521
93,0.693075898802,0.756436767981,0.682181617014,0.717392830416
94,0.672436750999,0.75286468339,0.661340036099,0.70414070895
95,0.66844207723,0.752656467316,0.657106359917,0.701643343053
96,0.661784287617,0.750339689659,0.650169152073,0.696672102675
97,0.662450066578,0.748804522001,0.650789104814,0.696364737902
98,0.67310252996,0.759695961068,0.660987657578,0.706912710455
99,0.685086551265,0.763912613163,0.672176187232,0.71511436835
100,0.685752330226,0.767406018743,0.672864302316,0.717032223527
101,0.684420772304,0.771263540846,0.671754061982,0.71807774958
102,0.669107856192,0.769632398038,0.656121716902,0.708358510199
103,0.667110519308,0.768834277884,0.654227777508,0.70691610248
104,0.671105193076,0.768556627098,0.657992935515,0.708990201851
105,0.671770972037,0.771280261367,0.658669690208,0.710540855306
106,0.678428761651,0.777498672566,0.664982821521,0.716852539365
107,0.67776298269,0.768852941808,0.665384128716,0.713386308735
108,0.66844207723,0.765419128631,0.656065866312,0.706536284946
109,0.669107856192,0.765180928245,0.657005123728,0.706978935334
110,0.675765645806,0.769881068747,0.66330689465,0.712631467752
111,0.687083888149,0.776144426844,0.674005136711,0.721477761563
112,0.66844207723,0.776587566367,0.655686587257,0.711034336281
113,0.67776298269,0.783064588091,0.664536331486,0.718947966458
114,0.676431424767,0.782401103734,0.663109958904,0.717833266245
115,0.691744340879,0.791187529441,0.677469587033,0.729925974993
116,0.699067909454,0.792838678596,0.684391310697,0.734634290325
117,0.701065246338,0.793609901483,0.686364772825,0.736101622817
118,0.701065246338,0.793609901483,0.686364772825,0.736101622817
119,0.707723035952,0.798592785232,0.692677904138,0.741874135497
120,0.707723035952,0.799229944611,0.692689264528,0.742155472133
121,0.719707057257,0.807414339578,0.703889154573,0.752105978813
122,0.715046604527,0.806761557095,0.698552474657,0.748767725909
123,0.710386151798,0.8060818937,0.693828510881,0.745754677407
124,0.72103861518,0.803136286369,0.707429381797,0.75225091969
125,0.729027962716,0.798691744721,0.717576151799,0.755964232925
126,0.715046604527,0.795549086907,0.70276882355,0.746286341477
127,0.718375499334,0.798535782489,0.706531760492,0.749721691693
128,0.722370173103,0.800165697685,0.71031963928,0.752570575608
129,0.721704394141,0.800760192037,0.70971104693,0.752491460372
130,0.715046604527,0.796818034697,0.702319853728,0.746590597032
131,0.695073235686,0.797162222326,0.681845240116,0.735008146606
132,0.695073235686,0.796451708463,0.681879321288,0.734725767742
133,0.693075898802,0.796423456164,0.680115047041,0.733688386964
134,0.685086551265,0.792984080977,0.67207077129,0.727537842147
135,0.678428761651,0.793493871542,0.665605254048,0.723944906402
136,0.680426098535,0.791185618251,0.668108737155,0.724457025831
137,0.687083888149,0.792726941433,0.67440733565,0.728796092928
138,0.687749667111,0.7908926981,0.675495806566,0.728653694857
139,0.687749667111,0.790875486211,0.675510339385,0.728654844825
140,0.688415446072,0.790866959815,0.676130292125,0.72901173859
141,0.681757656458,0.788931680462,0.669055231171,0.72406530352
142,0.683089214381,0.789115872016,0.670340578215,0.724895066026
143,0.685086551265,0.789236039576,0.672138933633,0.725996106065
144,0.691078561917,0.791146000313,0.677668365887,0.730023656559
145,0.690412782956,0.792650197777,0.67671774808,0.730110464663
146,0.689747003995,0.793575017198,0.67609779534,0.730141178345
147,0.688415446072,0.79313016699,0.674812448296,0.729203041359
148,0.689081225033,0.794631813757,0.67545194939,0.730210918731
149,0.689747003995,0.794817917008,0.676391206806,0.730838113187
150,0.691078561917,0.796363256723,0.677520995493,0.732150880448
151,0.683089214381,0.795235984367,0.669796024417,0.727145751914
152,0.685752330226,0.796189494664,0.672930820655,0.729389478118
153,0.684420772304,0.795575264742,0.671504448074,0.728293526773
154,0.694407456724,0.798465064287,0.680658012797,0.734870075879
155,0.69241011984,0.802734363131,0.678757728547,0.735558638492
156,0.693075898802,0.798722289268,0.680128250539,0.734670040878
157,0.693741677763,0.800200219841,0.680641258913,0.735594312868
158,0.701065246338,0.805612908433,0.687433317429,0.741845958437
159,0.707057256991,0.807074031833,0.694638994894,0.746647441022
160,0.707057256991,0.809592896315,0.694638994894,0.747723537915
161,0.7017310253,0.807421492971,0.689272357596,0.743683574063
162,0.717709720373,0.812427366851,0.704107740501,0.75439914951
163,0.718375499334,0.809451793708,0.705478262492,0.753897043179
164,0.717043941411,0.80739870724,0.703936757582,0.752126369399
165,0.724367509987,0.807227083413,0.712554274809,0.756941919199
166,0.726364846871,0.809564650405,0.714496828193,0.759065671634
167,0.727696404794,0.809861015284,0.715641149699,0.759841423209
168,0.724367509987,0.808596986246,0.712484584043,0.75750426362
169,0.727696404794,0.809565312132,0.715644322127,0.759713033546
170,0.728362183755,0.807706015342,0.716876991008,0.759585874283
171,0.712383488682,0.804110501534,0.700754358335,0.74888311045
172,0.715046604527,0.805149477906,0.703127224932,0.750687877085
173,0.717043941411,0.805165660375,0.705009803935,0.751766530144
174,0.726364846871,0.81081572043,0.714000573702,0.759334605462
175,0.725699067909,0.810566581929,0.713369260571,0.758868276562
176,0.726364846871,0.81081572043,0.714000573702,0.759334605462
177,0.729027962716,0.811668319542,0.716525826227,0.761135376539
178,0.729027962716,0.812200731799,0.716373440299,0.761283348983
179,0.729693741678,0.812597687571,0.717157139358,0.761900172249
180,0.732356857523,0.81178397401,0.721053865238,0.763733719524
181,0.733022636485,0.813104667656,0.72169653876,0.764678607032
182,0.733022636485,0.812578200307,0.72169653876,0.764445714579
183,0.731691078562,0.811304608324,0.720292886959,0.763094664666
184,0.733688415446,0.812479323277,0.722232267915,0.764702355351
185,0.737683089214,0.810488483707,0.727078660238,0.766521167147
186,0.739014647137,0.811100629262,0.728646058357,0.767665592263
187,0.743675099867,0.812237211416,0.732912864348,0.770538875785
188,0.737683089214,0.811473175465,0.727055939457,0.766948621524
189,0.742343541944,0.815401422811,0.73155465411,0.771205743621
190,0.747003994674,0.816120302561,0.737029187137,0.774560964276
191,0.744340878828,0.817739199483,0.734199162755,0.773720722705
192,0.745672436751,0.815327055734,0.735298042699,0.773247368234
193,0.750332889481,0.815210550917,0.73925188887,0.775375363428
194,0.776964047936,0.825422477205,0.763990454386,0.793519268512
195,0.77896138482,0.826298196517,0.765918474951,0.794963481883
196,0.782290279627,0.825388393543,0.770141742105,0.796808585578
197,0.774300932091,0.822249494262,0.76164030857,0.790785264747
198,0.772969374168,0.822043085463,0.760377682307,0.790008863397
199,0.779627163782,0.826803538427,0.76669081362,0.795613334639
